CANDIDATE EVALUATION  (weighting: data/targets_cooling.yaml)

   ID                               Architecture  t_metal (nm)  T_vis  T_vis glazed  T_sol  g (SHGC)  LSG  Selectivity  eps_n  eps_h  R_s (ohm/sq)  U_g (W/m2K)  Ag (g/m2)  Metal cost (USD/m2)  Supply risk  Score    Limiting            Provenance
   M6              AZO/Cu/AZO (low-cost control)          12.0  0.738         0.707  0.491     0.558 1.32         1.50 0.0396 0.0463          2.87         1.13      0.000                 0.01          4.5   65.4       T_vis literature_unverified
   H2         AZO/Cu/Si3N4 (hybrid, silver-free)          12.0  0.788         0.756  0.571     0.631 1.25         1.38 0.0363 0.0425          2.93         1.12      0.000                 0.01          4.5   63.4         LSG                 model
 D10e              AZO/Ag10Cu90/AZO (segregated)           9.0  0.789         0.757  0.582     0.641 1.23         1.36 0.0503 0.0585          3.52         1.17      0.013                 0.11          4.8   59.3         LSG                 model
 D15e              AZO/Ag15Cu85/AZO (segregated)           9.0  0.794         0.762  0.585     0.643 1.23         1.36 0.0484 0.0564          3.31         1.16      0.019                 0.16          4.9   59.3         LSG                 model
   M5                           AZO/Ag25Cu75/AZO          10.0  0.784         0.751  0.551     0.612 1.28         1.42 0.0674 0.0780          5.92         1.23      0.034                 0.28          5.2   58.2         LSG                 model
M3ema              AZO/Ag70Cu30/AZO (segregated)          10.0  0.840         0.805  0.589     0.635 1.32         1.43 0.0395 0.0462          2.63         1.13      0.081                 0.66          6.6   57.9     g_value                 model
 M35e              AZO/Ag60Cu40/AZO (segregated)           9.0  0.843         0.808  0.614     0.659 1.28         1.37 0.0441 0.0514          2.95         1.15      0.065                 0.53          6.3   57.4     g_value                 model
  S10                           ITO/Ag70Cu30/ITO          10.0  0.848         0.812  0.575     0.619 1.37         1.47 0.0660 0.0764          5.48         1.23      0.081                 0.66          6.6   57.3     g_value                 model
  D10                           AZO/Ag10Cu90/AZO           9.0  0.786         0.753  0.576     0.638 1.23         1.36 0.0678 0.0784          5.66         1.23      0.013                 0.11          4.8   57.1         LSG                 model
  D15                           AZO/Ag15Cu85/AZO           9.0  0.790         0.757  0.578     0.639 1.24         1.37 0.0718 0.0828          6.15         1.25      0.019                 0.16          4.9   56.3         LSG                 model
   M4                           AZO/Ag50Cu50/AZO          10.0  0.809         0.775  0.564     0.621 1.30         1.43 0.0732 0.0844          6.68         1.25      0.062                 0.51          6.0   55.7         LSG                 model
  E5e           Si3N4/Ag5Cu95/Si3N4 (segregated)          11.0  0.863         0.827  0.685     0.731 1.18         1.26 0.0411 0.0481          2.98         1.14      0.008                 0.07          4.6   55.3     g_value                 model
   N6                             Si3N4/Cu/Si3N4          11.0  0.858         0.822  0.682     0.729 1.18         1.26 0.0462 0.0538          3.41         1.15      0.000                 0.01          4.5   55.1     g_value                 model
   E5                        Si3N4/Ag5Cu95/Si3N4          11.0  0.861         0.825  0.681     0.728 1.18         1.26 0.0523 0.0609          3.99         1.18      0.008                 0.07          4.6   54.4     g_value                 model
   T2                        AZO/Ag70Cu29Al1/AZO          10.0  0.826         0.791  0.571     0.624 1.32         1.45 0.0711 0.0821          6.47         1.24      0.081                 0.66          6.6   54.2     g_value            hypothesis
   M3                           AZO/Ag70Cu30/AZO          10.0  0.832         0.797  0.578     0.630 1.32         1.44 0.0703 0.0811          6.36         1.24      0.081                 0.66          6.6   54.2     g_value                 model
   S8                           GZO/Ag70Cu30/GZO          10.0  0.826         0.792  0.569     0.623 1.33         1.45 0.0733 0.0846          6.33         1.25      0.081                 0.66          6.6   54.0     g_value                 model
  M35                           AZO/Ag60Cu40/AZO           9.0  0.833         0.798  0.584     0.644 1.29         1.43 0.0798 0.0918          7.22         1.27      0.065                 0.53          6.3   53.9     g_value                 model
   M2                           AZO/Ag80Cu20/AZO          10.0  0.846         0.810  0.586     0.635 1.33         1.44 0.0662 0.0766          5.89         1.23      0.089                 0.73          6.9   53.7     g_value                 model
   N7                       Si3N4/Cu90Zn10/Si3N4          11.0  0.850         0.815  0.671     0.725 1.17         1.27 0.0599 0.0695          4.66         1.21      0.000                 0.01          4.5   53.4     g_value                 model
  E10                       Si3N4/Ag10Cu90/Si3N4          11.0  0.864         0.828  0.681     0.729 1.19         1.27 0.0577 0.0670          4.50         1.20      0.016                 0.14          4.8   53.3     g_value                 model
   M1                           AZO/Ag90Cu10/AZO          10.0  0.860         0.824  0.595     0.640 1.34         1.44 0.0602 0.0698          5.18         1.21      0.097                 0.79          7.2   53.3     g_value                 model
   M0                     AZO/Ag/AZO (benchmark)          10.0  0.876         0.839  0.606     0.646 1.35         1.45 0.0518 0.0603          4.18         1.18      0.105                 0.85          7.5   53.0     g_value literature_unverified
   N8                       Si3N4/Cu90Ag10/Si3N4          11.0  0.863         0.827  0.683     0.730 1.18         1.26 0.0578 0.0671          4.50         1.20      0.016                 0.14          4.8   52.9     g_value                 model
   T1                        AZO/Ag70Cu29Ti1/AZO          10.0  0.825         0.790  0.574     0.628 1.31         1.44 0.0800 0.0921          7.55         1.28      0.081                 0.66          6.6   52.5     g_value            hypothesis
   B1                 AZO/Ti(0.5)/Ag/Ti(0.5)/AZO          10.0  0.816         0.781  0.565     0.620 1.32         1.44 0.0515 0.0599          4.18         1.17      0.105                 0.85          7.5   50.9 Ag_g_per_m2                 model
   S9                           FTO/Ag70Cu30/FTO          10.0  0.853         0.817  0.613     0.661 1.29         1.39 0.0850 0.0976          6.48         1.29      0.081                 0.66          6.6   50.6     g_value                 model
 E10e          Si3N4/Ag10Cu90/Si3N4 (segregated)          10.0  0.877         0.840  0.717     0.758 1.16         1.22 0.0437 0.0511          3.13         1.15      0.015                 0.12          4.8   50.1     g_value                 model
   N5                       Si3N4/Ag25Cu75/Si3N4          11.0  0.872         0.836  0.687     0.733 1.19         1.27 0.0698 0.0807          5.67         1.24      0.038                 0.31          5.2   50.1     g_value                 model
   N0                             Si3N4/Ag/Si3N4          10.0  0.898         0.861  0.675     0.696 1.29         1.33 0.0552 0.0642          4.44         1.19      0.105                 0.85          7.5   48.8     g_value                 model
   H1 AZO/Ag/Si3N4 (hybrid, industrial practice)          10.0  0.918         0.879  0.687     0.717 1.28         1.34 0.0490 0.0571          4.30         1.17      0.105                 0.85          7.5   47.7     g_value                 model
   N4                       Si3N4/Ag50Cu50/Si3N4          11.0  0.892         0.855  0.694     0.735 1.21         1.29 0.0775 0.0893          6.48         1.27      0.068                 0.56          6.0   47.3     g_value                 model
   N2                       Si3N4/Ag80Cu20/Si3N4          10.0  0.896         0.858  0.684     0.718 1.25         1.31 0.0765 0.0881          6.42         1.26      0.089                 0.73          6.9   46.7     g_value                 model
   N1                       Si3N4/Ag90Cu10/Si3N4           9.0  0.910         0.872  0.704     0.732 1.24         1.29 0.0782 0.0901          6.53         1.27      0.088                 0.71          7.2   45.4     g_value                 model
  N35                       Si3N4/Ag60Cu40/Si3N4          11.0  0.899         0.861  0.703     0.743 1.21         1.28 0.0766 0.0883          6.41         1.26      0.079                 0.65          6.3   45.2     g_value                 model
   N3                       Si3N4/Ag70Cu30/Si3N4          11.0  0.898         0.860  0.699     0.737 1.22         1.28 0.0733 0.0846          6.12         1.25      0.089                 0.73          6.6   45.0     g_value                 model
  N3e          Si3N4/Ag70Cu30/Si3N4 (segregated)           9.0  0.899         0.861  0.742     0.769 1.17         1.21 0.0435 0.0508          3.16         1.14      0.073                 0.59          6.6   43.5     g_value                 model
 N35e          Si3N4/Ag60Cu40/Si3N4 (segregated)           9.0  0.902         0.865  0.766     0.793 1.14         1.18 0.0426 0.0498          3.04         1.14      0.065                 0.53          6.3   35.6     g_value                 model

Scores are model outputs. Rows graded 'hypothesis' have no measured or calculated properties for that composition.
